defaultLat=51.4585695818037
defaultLng=-2.60187349563486
defaultMapZoom = 14